1  1 2 3
1  1 4 3
1  1 5 3
11  1 22 3
11  1 23 3
29  1 31 3
29  1 32 3
29  1 33 3
39  1 41 3
39  1 42 3
39  1 43 3
39  1 44 3
49  1 51 3
49  1 52 3
49  1 53 3
59  1 61 3
59  1 62 3
59  1 63 3
69  1 71 3
69  1 72 3
69  1 73 3
79  1 81 3
79  1 82 3
79  1 83 3
79  1 84 3
89  1 91 3
89  1 92 3
89  1 93 3
99  1 101 3
99  1 102 3
99  1 103 3
99  1 104 3
110  1 113 3
110  1 114 3
110  1 115 3
110  1 116 3
121  1 123 3
121  1 124 3
121  1 125 3
121  1 126 3
131  1 133 3
131  1 134 3
131  1 135 3
131  1 136 3
141  1 143 3
141  1 144 3
150  1 152 3
150  1 153 3
150  1 154 3
160  1 162 3
160  1 163 3
169  1 171 3
169  1 172 3
178  1 180 3
178  1 181 3
178  1 182 3
178  1 183 3
189  1 191 3
189  1 192 3
189  1 193 3
199  1 201 3
199  1 202 3
199  1 203 3
208  1 210 3
208  1 211 3
208  1 212 3
208  1 213 3
218  1 220 3
218  1 221 3
218  1 222 3
218  1 223 3
229  1 231 3
229  1 232 3
237  1 239 3
237  1 240 3
237  1 241 3
237  1 242 3
247  1 250 3
247  1 251 3
247  1 252 3
247  1 253 3
258  1 260 3
258  1 261 3
267  1 269 3
267  1 270 3
267  1 271 3
274  1 276 3
274  1 277 3
282  1 284 3
282  1 285 3
290  1 292 3
290  1 293 3
290  1 294 3
299  1 301 3
299  1 302 3
299  1 303 3
309  1 311 3
309  1 312 3
309  1 313 3
309  1 314 3
319  1 321 3
319  1 322 3
319  1 323 3
319  1 324 3
330  1 332 3
330  1 333 3
330  1 334 3
330  1 335 3
341  1 344 3
341  1 345 3
341  1 346 3
350  1 352 3
350  1 353 3
350  1 354 3
359  1 361 3
359  1 362 3
367  1 369 3
367  1 370 3
367  1 371 3
367  1 372 3
374  1 376 3
374  1 377 3
374  1 378 3
382  1 384 3
382  1 385 3
382  1 386 3
390  1 392 3
390  1 393 3
3182  1 3183 3
3182  1 3184 3
3182  1 3185 3
3182  1 3186 3
3191  1 3192 3
3191  1 3193 3
3199  1 3200 3
3199  1 3201 3
3199  1 3202 3
3206  1 3207 3
3206  1 3208 3
3206  1 3209 3
3213  1 3214 3
3213  1 3215 3
3213  1 3216 3
3221  1 3222 3
3221  1 3223 3
3221  1 3224 3
3229  1 3230 3
3229  1 3231 3
3236  1 3237 3
3236  1 3238 3
3242  1 3243 3
3242  1 3244 3
3248  1 3249 3
3248  1 3250 3
3254  1 3255 3
3254  1 3256 3
3260  1 3261 3
3260  1 3262 3
3260  1 3263 3
3260  1 3264 3
3268  1 3269 3
3268  1 3270 3
3268  1 3271 3
3268  1 3272 3
3277  1 3278 3
3277  1 3279 3
3283  1 3284 3
3283  1 3285 3
3283  1 3286 3
3290  1 3291 3
3290  1 3292 3
3290  1 3293 3
3298  1 3299 3
3298  1 3300 3
3305  1 3306 3
3305  1 3307 3
3305  1 3308 3
3313  1 3314 3
3313  1 3315 3
3318  1 3319 3
3318  1 3320 3
3325  1 3326 3
3325  1 3327 3
3325  1 3328 3
3325  1 3329 3
3333  1 3334 3
3333  1 3335 3
3338  1 3339 3
3338  1 3340 3
3338  1 3341 3
3344  1 3345 3
3344  1 3346 3
3344  1 3347 3
3351  1 3352 3
3351  1 3353 3
3357  1 3358 3
3357  1 3359 3
3357  1 3360 3
3365  1 3366 3
3365  1 3367 3
3372  1 3373 3
3372  1 3374 3
3372  1 3375 3
3378  1 3379 3
3378  1 3380 3
3384  1 3385 3
3384  1 3386 3
3384  1 3387 3
3391  1 3392 3
3391  1 3393 3
3391  1 3394 3
3399  1 3400 3
3399  1 3401 3
3399  1 3402 3
3399  1 3403 3
3407  1 3408 3
3407  1 3409 3
3407  1 3410 3
3414  1 3415 3
3414  1 3416 3
3414  1 3417 3
3414  1 3418 3
1  2 14 3
2  2 3048 3
4  2 3110 3
5  2 3110 3
6  2 7 3
9  2 10 3
11  2 14 3
16  2 7 3
17  2 7 3
18  2 7 3
22  2 3048 3
23  2 3110 3
24  2 7 3
25  2 7 3
26  2 7 3
29  2 14 3
31  2 3048 3
32  2 3048 3
33  2 3110 3
34  2 7 3
35  2 7 3
36  2 7 3
39  2 14 3
41  2 3048 3
42  2 3048 3
43  2 3110 3
44  2 3110 3
45  2 7 3
46  2 7 3
47  2 7 3
49  2 14 3
51  2 3048 3
52  2 3110 3
53  2 3110 3
54  2 7 3
55  2 7 3
56  2 7 3
59  2 14 3
61  2 3048 3
62  2 3110 3
63  2 3110 3
64  2 7 3
65  2 7 3
66  2 7 3
69  2 14 3
71  2 3048 3
72  2 3048 3
73  2 3110 3
74  2 7 3
75  2 7 3
76  2 7 3
79  2 14 3
81  2 3048 3
82  2 3048 3
83  2 3110 3
84  2 3110 3
85  2 7 3
86  2 7 3
89  2 14 3
91  2 3048 3
92  2 3110 3
93  2 3110 3
94  2 7 3
95  2 7 3
96  2 7 3
99  2 14 3
101  2 3048 3
102  2 3048 3
103  2 3110 3
104  2 3110 3
105  2 7 3
106  2 7 3
107  2 7 3
110  2 111 3
113  2 3048 3
114  2 3048 3
115  2 3110 3
116  2 3110 3
117  2 7 3
118  2 7 3
119  2 7 3
121  2 111 3
123  2 3048 3
124  2 3048 3
125  2 3110 3
126  2 3110 3
127  2 7 3
128  2 7 3
129  2 7 3
131  2 111 3
133  2 3048 3
134  2 3048 3
135  2 3110 3
136  2 3110 3
137  2 7 3
138  2 7 3
139  2 7 3
141  2 111 3
143  2 3048 3
144  2 3110 3
145  2 7 3
146  2 7 3
147  2 7 3
150  2 111 3
152  2 3048 3
153  2 3048 3
154  2 3110 3
155  2 7 3
156  2 7 3
157  2 7 3
160  2 111 3
162  2 3048 3
163  2 3110 3
164  2 7 3
165  2 7 3
166  2 7 3
169  2 111 3
171  2 3048 3
172  2 3110 3
173  2 7 3
174  2 7 3
175  2 7 3
178  2 111 3
180  2 3048 3
181  2 3048 3
182  2 3110 3
183  2 3110 3
184  2 7 3
185  2 7 3
186  2 7 3
189  2 111 3
191  2 3048 3
192  2 3110 3
193  2 3110 3
194  2 7 3
195  2 7 3
196  2 7 3
199  2 111 3
201  2 3048 3
202  2 3048 3
203  2 3110 3
204  2 7 3
205  2 7 3
206  2 7 3
208  2 111 3
210  2 3048 3
211  2 3048 3
212  2 3110 3
213  2 3110 3
214  2 7 3
215  2 7 3
216  2 7 3
218  2 111 3
220  2 3048 3
221  2 3048 3
222  2 3110 3
223  2 3110 3
224  2 7 3
225  2 7 3
226  2 7 3
229  2 111 3
231  2 3048 3
232  2 3110 3
233  2 7 3
234  2 7 3
235  2 7 3
237  2 111 3
239  2 3048 3
240  2 3048 3
241  2 3110 3
242  2 3110 3
243  2 7 3
244  2 7 3
245  2 7 3
247  2 248 3
250  2 3048 3
251  2 3048 3
252  2 3110 3
253  2 3110 3
254  2 7 3
255  2 7 3
256  2 7 3
258  2 248 3
260  2 3048 3
261  2 3110 3
262  2 7 3
263  2 7 3
264  2 7 3
267  2 248 3
269  2 3048 3
270  2 3110 3
271  2 3110 3
272  2 7 3
274  2 248 3
276  2 3048 3
277  2 3110 3
278  2 7 3
279  2 7 3
280  2 7 3
282  2 248 3
284  2 3048 3
285  2 3110 3
286  2 7 3
287  2 7 3
288  2 7 3
290  2 248 3
292  2 3048 3
293  2 3110 3
294  2 3110 3
295  2 7 3
296  2 7 3
297  2 7 3
299  2 248 3
301  2 3048 3
302  2 3110 3
303  2 3110 3
304  2 7 3
305  2 7 3
306  2 7 3
309  2 248 3
311  2 3048 3
312  2 3048 3
313  2 3110 3
314  2 3110 3
315  2 7 3
316  2 7 3
317  2 7 3
319  2 248 3
321  2 3048 3
322  2 3048 3
323  2 3110 3
324  2 3110 3
325  2 7 3
326  2 7 3
327  2 7 3
330  2 248 3
332  2 3048 3
333  2 3048 3
334  2 3110 3
335  2 3110 3
336  2 7 3
337  2 7 3
338  2 7 3
341  2 342 3
344  2 3048 3
345  2 3048 3
346  2 3110 3
347  2 7 3
348  2 7 3
350  2 342 3
352  2 3048 3
353  2 3110 3
354  2 3110 3
355  2 7 3
356  2 7 3
357  2 7 3
359  2 342 3
361  2 3048 3
362  2 3110 3
363  2 7 3
364  2 7 3
365  2 7 3
367  2 342 3
369  2 3048 3
370  2 3048 3
371  2 3110 3
372  2 3110 3
374  2 342 3
376  2 3048 3
377  2 3110 3
378  2 3110 3
379  2 7 3
380  2 7 3
382  2 342 3
384  2 3048 3
385  2 3110 3
386  2 3110 3
387  2 7 3
388  2 7 3
390  2 342 3
392  2 3048 3
393  2 3110 3
394  2 7 3
395  2 7 3
397  2 398 3
401  2 398 3
404  2 398 3
407  2 398 3
410  2 398 3
413  2 398 3
416  2 398 3
419  2 398 3
422  2 398 3
425  2 398 3
428  2 398 3
431  2 398 3
434  2 398 3
437  2 398 3
440  2 398 3
443  2 398 3
446  2 398 3
449  2 398 3
452  2 398 3
455  2 398 3
458  2 398 3
461  2 398 3
464  2 398 3
467  2 398 3
470  2 398 3
473  2 398 3
476  2 398 3
479  2 398 3
482  2 398 3
485  2 398 3
488  2 398 3
491  2 398 3
494  2 398 3
497  2 398 3
500  2 398 3
503  2 398 3
506  2 398 3
509  2 398 3
512  2 398 3
515  2 398 3
518  2 398 3
521  2 398 3
524  2 398 3
527  2 398 3
530  2 398 3
533  2 398 3
536  2 398 3
539  2 398 3
542  2 398 3
1  3 15 3
2  3 3049 3
4  3 3111 3
5  3 3112 3
6  3 8 3
9  3 13 3
11  3 12 3
22  3 3050 3
23  3 3113 3
29  3 30 3
31  3 3051 3
32  3 3052 3
33  3 3114 3
39  3 40 3
41  3 3053 3
42  3 3054 3
43  3 3115 3
44  3 3116 3
49  3 50 3
51  3 3055 3
52  3 3117 3
53  3 3118 3
59  3 60 3
61  3 3056 3
62  3 3119 3
63  3 3120 3
69  3 70 3
71  3 3057 3
72  3 3058 3
73  3 3121 3
79  3 80 3
81  3 3059 3
82  3 3060 3
83  3 3122 3
84  3 3123 3
89  3 90 3
91  3 3061 3
92  3 3124 3
93  3 3125 3
99  3 100 3
101  3 3062 3
102  3 3063 3
103  3 3126 3
104  3 3127 3
110  3 112 3
113  3 3064 3
114  3 3065 3
115  3 3128 3
116  3 3129 3
121  3 122 3
123  3 3066 3
124  3 3067 3
125  3 3130 3
126  3 3131 3
131  3 132 3
133  3 3068 3
134  3 3069 3
135  3 3132 3
136  3 3133 3
141  3 142 3
143  3 3070 3
144  3 3134 3
150  3 151 3
152  3 3071 3
153  3 3072 3
154  3 3135 3
160  3 161 3
162  3 3073 3
163  3 3136 3
169  3 170 3
171  3 3074 3
172  3 3137 3
178  3 179 3
180  3 3075 3
181  3 3076 3
182  3 3138 3
183  3 3139 3
189  3 190 3
191  3 3077 3
192  3 3140 3
193  3 3141 3
199  3 200 3
201  3 3078 3
202  3 3079 3
203  3 3142 3
208  3 209 3
210  3 3080 3
211  3 3081 3
212  3 3143 3
213  3 3144 3
218  3 219 3
220  3 3082 3
221  3 3083 3
222  3 3145 3
223  3 3146 3
229  3 230 3
231  3 3084 3
232  3 3147 3
237  3 238 3
239  3 3085 3
240  3 3086 3
241  3 3148 3
242  3 3149 3
247  3 249 3
250  3 3087 3
251  3 3088 3
252  3 3150 3
253  3 3151 3
258  3 259 3
260  3 3089 3
261  3 3152 3
267  3 268 3
269  3 3090 3
270  3 3153 3
271  3 3154 3
274  3 275 3
276  3 3091 3
277  3 3155 3
282  3 283 3
284  3 3092 3
285  3 3156 3
290  3 291 3
292  3 3093 3
293  3 3157 3
294  3 3158 3
299  3 300 3
301  3 3094 3
302  3 3159 3
303  3 3160 3
309  3 310 3
311  3 3095 3
312  3 3096 3
313  3 3161 3
314  3 3162 3
319  3 320 3
321  3 3097 3
322  3 3098 3
323  3 3163 3
324  3 3164 3
330  3 331 3
332  3 3099 3
333  3 3100 3
334  3 3165 3
335  3 3166 3
341  3 343 3
344  3 3101 3
345  3 3102 3
346  3 3167 3
350  3 351 3
352  3 3103 3
353  3 3168 3
354  3 3169 3
359  3 360 3
361  3 3104 3
362  3 3170 3
367  3 368 3
369  3 3105 3
370  3 3106 3
371  3 3171 3
372  3 3172 3
374  3 375 3
376  3 3107 3
377  3 3173 3
378  3 3174 3
382  3 383 3
384  3 3108 3
385  3 3175 3
386  3 3176 3
390  3 391 3
392  3 3109 3
393  3 3177 3
397  3 399 3
401  3 402 3
404  3 405 3
407  3 408 3
410  3 411 3
413  3 414 3
416  3 417 3
419  3 420 3
422  3 423 3
425  3 426 3
428  3 429 3
431  3 432 3
434  3 435 3
437  3 438 3
440  3 441 3
443  3 444 3
446  3 447 3
449  3 450 3
452  3 453 3
455  3 456 3
458  3 459 3
461  3 462 3
464  3 465 3
467  3 468 3
470  3 471 3
473  3 474 3
476  3 477 3
479  3 480 3
482  3 483 3
485  3 486 3
488  3 489 3
491  3 492 3
494  3 495 3
497  3 498 3
500  3 501 3
503  3 504 3
506  3 507 3
509  3 510 3
512  3 513 3
515  3 516 3
518  3 519 3
521  3 522 3
524  3 525 3
527  3 528 3
530  3 531 3
533  3 534 3
536  3 537 3
539  3 540 3
542  3 543 3
545  3 546 3
548  3 549 3
551  3 552 3
554  3 555 3
557  3 558 3
560  3 561 3
563  3 564 3
566  3 567 3
569  3 570 3
572  3 573 3
575  3 576 3
578  3 579 3
581  3 582 3
584  3 585 3
587  3 588 3
590  3 591 3
593  3 594 3
596  3 597 3
599  3 600 3
602  3 603 3
605  3 606 3
608  3 609 3
611  3 612 3
614  3 615 3
617  3 618 3
620  3 621 3
623  3 624 3
626  3 627 3
629  3 630 3
632  3 633 3
635  3 636 3
638  3 639 3
641  3 642 3
644  3 645 3
647  3 648 3
650  3 651 3
653  3 654 3
656  3 657 3
659  3 660 3
662  3 663 3
665  3 666 3
668  3 669 3
671  3 672 3
674  3 675 3
677  3 678 3
680  3 681 3
683  3 684 3
686  3 687 3
689  3 690 3
692  3 693 3
695  3 696 3
698  3 699 3
701  3 702 3
704  3 705 3
707  3 708 3
710  3 711 3
713  3 714 3
716  3 717 3
719  3 720 3
722  3 723 3
725  3 726 3
728  3 729 3
731  3 732 3
734  3 735 3
737  3 738 3
740  3 741 3
743  3 744 3
746  3 747 3
749  3 750 3
752  3 753 3
755  3 756 3
758  3 759 3
761  3 762 3
764  3 765 3
767  3 768 3
770  3 771 3
773  3 774 3
776  3 777 3
779  3 780 3
782  3 783 3
785  3 786 3
788  3 789 3
791  3 792 3
794  3 795 3
797  3 798 3
800  3 801 3
803  3 804 3
806  3 807 3
809  3 810 3
812  3 813 3
815  3 816 3
818  3 819 3
821  3 822 3
824  3 825 3
827  3 828 3
830  3 831 3
833  3 834 3
836  3 837 3
839  3 840 3
842  3 843 3
845  3 846 3
848  3 849 3
851  3 852 3
854  3 855 3
857  3 858 3
860  3 861 3
863  3 864 3
866  3 867 3
869  3 870 3
872  3 873 3
875  3 876 3
878  3 879 3
881  3 882 3
11  4 12 3
9  5 6 3
2556  5 9 3
2558  5 9 3
2559  5 9 3
2560  5 9 3
2561  5 9 3
2562  5 9 3
2563  5 9 3
2564  5 9 3
2565  5 9 3
2566  5 9 3
3180  5 6 3
1  6 16 3
11  6 24 3
29  6 34 3
39  6 45 3
49  6 54 3
59  6 64 3
69  6 74 3
79  6 85 3
89  6 94 3
99  6 105 3
110  6 117 3
121  6 127 3
131  6 137 3
141  6 145 3
150  6 155 3
160  6 164 3
169  6 173 3
178  6 184 3
189  6 194 3
199  6 204 3
208  6 214 3
218  6 224 3
229  6 233 3
237  6 243 3
247  6 254 3
258  6 262 3
267  6 196 3
274  6 278 3
282  6 286 3
290  6 295 3
299  6 304 3
309  6 315 3
319  6 325 3
330  6 336 3
341  6 347 3
350  6 355 3
359  6 363 3
367  6 165 3
374  6 379 3
382  6 387 3
390  6 138 3
1994  6 66 3
1998  6 2001 3
2002  6 2005 3
2006  6 2009 3
2010  6 106 3
2013  6 2016 3
2017  6 336 3
2020  6 2023 3
2024  6 2027 3
2028  6 2031 3
2032  6 2035 3
2036  6 2039 3
2040  6 146 3
2043  6 2046 3
2047  6 2050 3
2051  6 2054 3
2055  6 2058 3
2059  6 2062 3
2063  6 2066 3
2067  6 2070 3
2071  6 45 3
2074  6 2077 3
2078  6 2081 3
2082  6 2085 3
2086  6 2089 3
2090  6 2093 3
2094  6 2097 3
2098  6 2101 3
2102  6 2105 3
2106  6 2109 3
2110  6 2113 3
2114  6 2054 3
2117  6 2120 3
2121  6 2124 3
2125  6 2128 3
2129  6 262 3
2132  6 2135 3
2136  6 395 3
2139  6 2142 3
2143  6 2066 3
2146  6 2149 3
2150  6 145 3
2153  6 2156 3
2157  6 2160 3
2161  6 2164 3
2165  6 2168 3
2169  6 2172 3
2173  6 2176 3
2177  6 2180 3
2181  6 2184 3
2185  6 65 3
2188  6 2191 3
2192  6 2195 3
2196  6 2199 3
2200  6 2203 3
2204  6 2207 3
2208  6 2211 3
2212  6 2215 3
2216  6 2219 3
2220  6 2223 3
2224  6 2227 3
2228  6 235 3
2231  6 2234 3
2235  6 2238 3
2239  6 2242 3
2243  6 2246 3
2247  6 2250 3
2251  6 2254 3
2255  6 2258 3
2259  6 2262 3
2263  6 2266 3
2267  6 2270 3
2271  6 2274 3
2275  6 2278 3
2279  6 2282 3
2283  6 2286 3
2287  6 2290 3
2291  6 254 3
2294  6 2297 3
2298  6 2301 3
2302  6 2305 3
2306  6 2309 3
2310  6 2313 3
2314  6 2317 3
2318  6 2321 3
2322  6 2325 3
2326  6 2329 3
2330  6 2333 3
2334  6 2337 3
2338  6 2341 3
2342  6 2345 3
2346  6 2349 3
2350  6 2199 3
2353  6 2356 3
2357  6 2360 3
2361  6 2364 3
2365  6 2364 3
2368  6 2371 3
2372  6 2375 3
2376  6 2379 3
2380  6 106 3
2383  6 2386 3
2387  6 2390 3
2391  6 2394 3
2395  6 2398 3
2399  6 2402 3
2403  6 2406 3
2407  6 2410 3
2411  6 2414 3
2415  6 2418 3
2419  6 2422 3
2423  6 2426 3
2427  6 2430 3
2431  6 2434 3
2435  6 2438 3
2439  6 2442 3
2443  6 165 3
2446  6 2449 3
2450  6 2453 3
2454  6 2457 3
2458  6 2461 3
2462  6 2465 3
2466  6 2469 3
2470  6 348 3
2473  6 2476 3
2477  6 2480 3
2481  6 2484 3
2485  6 2488 3
2489  6 2492 3
2493  6 2496 3
2497  6 2500 3
2501  6 2504 3
2505  6 2508 3
2509  6 206 3
2512  6 2515 3
2516  6 2519 3
2520  6 2523 3
2524  6 2390 3
2527  6 2530 3
2531  6 2534 3
2535  6 2538 3
2539  6 272 3
2542  6 2545 3
2546  6 2549 3
2550  6 74 3
2553  6 2081 3
3182  6 3187 3
3191  6 3194 3
3199  6 3203 3
3206  6 3210 3
3213  6 3217 3
3221  6 3225 3
3229  6 3232 3
3236  6 3239 3
3242  6 315 3
3248  6 3251 3
3254  6 3257 3
3260  6 2461 3
3268  6 3273 3
3277  6 3280 3
3283  6 2039 3
3290  6 3294 3
3298  6 3301 3
3305  6 3309 3
3313  6 2492 3
3318  6 3321 3
3325  6 137 3
3333  6 3336 3
3338  6 3342 3
3344  6 3348 3
3351  6 3354 3
3357  6 3361 3
3365  6 3368 3
3372  6 2549 3
3378  6 3381 3
3384  6 2290 3
3391  6 3395 3
3399  6 186 3
3407  6 3348 3
3414  6 3419 3
1  7 17 3
11  7 25 3
29  7 35 3
39  7 46 3
49  7 55 3
59  7 65 3
69  7 75 3
79  7 86 3
89  7 95 3
99  7 106 3
110  7 118 3
121  7 128 3
131  7 138 3
141  7 146 3
150  7 156 3
160  7 165 3
169  7 174 3
178  7 185 3
189  7 195 3
199  7 205 3
208  7 215 3
218  7 225 3
229  7 234 3
237  7 244 3
247  7 255 3
258  7 263 3
267  7 6 3
274  7 279 3
282  7 287 3
290  7 296 3
299  7 305 3
309  7 316 3
319  7 326 3
330  7 337 3
341  7 348 3
350  7 356 3
359  7 364 3
367  7 137 3
374  7 380 3
382  7 388 3
390  7 394 3
3182  7 3188 3
3191  7 3195 3
3199  7 196 3
3206  7 233 3
3213  7 3218 3
3221  7 3226 3
3229  7 3233 3
3236  7 145 3
3242  7 3245 3
3248  7 3252 3
3254  7 3219 3
3260  7 3265 3
3268  7 3274 3
3277  7 2480 3
3283  7 3287 3
3290  7 3295 3
3298  7 3302 3
3305  7 3310 3
3313  7 2199 3
3318  7 3322 3
3325  7 3330 3
3333  7 3239 3
3338  7 2390 3
3344  7 24 3
3351  7 3355 3
3357  7 3362 3
3365  7 3369 3
3372  7 3376 3
3378  7 3382 3
3384  7 3388 3
3391  7 3396 3
3399  7 3404 3
3407  7 3411 3
3414  7 3420 3
1  8 18 3
11  8 26 3
29  8 36 3
39  8 47 3
49  8 56 3
59  8 66 3
69  8 76 3
79  8 18 3
89  8 96 3
99  8 107 3
110  8 119 3
121  8 129 3
131  8 139 3
141  8 147 3
150  8 157 3
160  8 166 3
169  8 175 3
178  8 186 3
189  8 196 3
199  8 206 3
208  8 216 3
218  8 226 3
229  8 235 3
237  8 245 3
247  8 256 3
258  8 264 3
267  8 272 3
274  8 280 3
282  8 288 3
290  8 297 3
299  8 306 3
309  8 317 3
319  8 327 3
330  8 338 3
341  8 296 3
350  8 357 3
359  8 365 3
367  8 287 3
374  8 36 3
382  8 127 3
390  8 395 3
3182  8 106 3
3191  8 3196 3
3199  8 65 3
3206  8 2538 3
3213  8 3219 3
3221  8 3227 3
3229  8 3234 3
3236  8 3240 3
3242  8 3246 3
3248  8 2325 3
3254  8 3258 3
3260  8 3266 3
3268  8 3275 3
3277  8 3281 3
3283  8 233 3
3290  8 3196 3
3298  8 3303 3
3305  8 3311 3
3313  8 3316 3
3318  8 3323 3
3325  8 3331 3
3333  8 24 3
3338  8 2321 3
3344  8 3349 3
3351  8 107 3
3357  8 3363 3
3365  8 3370 3
3372  8 2142 3
3378  8 225 3
3384  8 3389 3
3391  8 3397 3
3399  8 3405 3
3407  8 3412 3
3414  8 3421 3
1  9 9 3
11  9 9 3
29  9 9 3
39  9 9 3
49  9 9 3
59  9 9 3
69  9 9 3
79  9 9 3
89  9 9 3
99  9 9 3
110  9 9 3
121  9 9 3
131  9 9 3
141  9 9 3
150  9 9 3
160  9 9 3
169  9 9 3
178  9 9 3
189  9 9 3
199  9 9 3
208  9 9 3
218  9 9 3
229  9 9 3
237  9 9 3
247  9 9 3
258  9 9 3
267  9 9 3
274  9 9 3
282  9 9 3
290  9 9 3
299  9 9 3
309  9 9 3
319  9 9 3
330  9 9 3
341  9 9 3
350  9 9 3
359  9 9 3
367  9 9 3
374  9 9 3
382  9 9 3
390  9 9 3
3182  9 3180 3
3191  9 3180 3
3199  9 3180 3
3206  9 3180 3
3213  9 3180 3
3221  9 3180 3
3229  9 3180 3
3236  9 3180 3
3242  9 3180 3
3248  9 3180 3
3254  9 3180 3
3260  9 3180 3
3268  9 3180 3
3277  9 3180 3
3283  9 3180 3
3290  9 3180 3
3298  9 3180 3
3305  9 3180 3
3313  9 3180 3
3318  9 3180 3
3325  9 3180 3
3333  9 3180 3
3338  9 3180 3
3344  9 3180 3
3351  9 3180 3
3357  9 3180 3
3365  9 3180 3
3372  9 3180 3
3378  9 3180 3
3384  9 3180 3
3391  9 3180 3
3399  9 3180 3
3407  9 3180 3
3414  9 3180 3
1  10 19 3
11  10 27 3
29  10 37 3
39  10 48 3
49  10 57 3
59  10 67 3
69  10 77 3
79  10 87 3
89  10 97 3
99  10 108 3
110  10 120 3
121  10 130 3
131  10 140 3
141  10 148 3
150  10 158 3
160  10 167 3
169  10 176 3
178  10 187 3
189  10 197 3
199  10 207 3
208  10 217 3
218  10 227 3
229  10 236 3
237  10 246 3
247  10 257 3
258  10 265 3
267  10 273 3
274  10 281 3
282  10 289 3
290  10 298 3
299  10 307 3
309  10 318 3
319  10 328 3
330  10 339 3
341  10 349 3
350  10 358 3
359  10 366 3
367  10 373 3
374  10 381 3
382  10 389 3
390  10 396 3
397  10 400 3
401  10 403 3
404  10 406 3
407  10 409 3
410  10 412 3
413  10 415 3
416  10 418 3
419  10 421 3
422  10 424 3
425  10 427 3
428  10 430 3
431  10 433 3
434  10 436 3
437  10 439 3
440  10 442 3
443  10 445 3
446  10 448 3
449  10 451 3
452  10 454 3
455  10 457 3
458  10 460 3
461  10 463 3
464  10 466 3
467  10 469 3
470  10 472 3
473  10 475 3
476  10 478 3
479  10 481 3
482  10 484 3
485  10 487 3
488  10 490 3
491  10 493 3
494  10 496 3
497  10 499 3
500  10 502 3
503  10 505 3
506  10 508 3
509  10 511 3
512  10 514 3
515  10 517 3
518  10 520 3
521  10 523 3
524  10 526 3
527  10 529 3
530  10 532 3
533  10 535 3
536  10 538 3
539  10 541 3
542  10 544 3
545  10 547 3
548  10 550 3
551  10 553 3
554  10 556 3
557  10 559 3
560  10 562 3
563  10 565 3
566  10 568 3
569  10 571 3
572  10 574 3
575  10 577 3
578  10 580 3
581  10 583 3
584  10 586 3
587  10 589 3
590  10 592 3
593  10 595 3
596  10 598 3
599  10 601 3
602  10 604 3
605  10 607 3
608  10 610 3
611  10 613 3
614  10 616 3
617  10 619 3
620  10 622 3
623  10 625 3
626  10 628 3
629  10 631 3
632  10 634 3
635  10 637 3
638  10 640 3
641  10 643 3
644  10 646 3
647  10 649 3
650  10 652 3
653  10 655 3
656  10 658 3
659  10 661 3
662  10 664 3
665  10 667 3
668  10 670 3
671  10 673 3
674  10 676 3
677  10 679 3
680  10 682 3
683  10 685 3
686  10 688 3
689  10 691 3
692  10 694 3
695  10 697 3
698  10 700 3
701  10 703 3
704  10 706 3
707  10 709 3
710  10 712 3
713  10 715 3
716  10 718 3
719  10 721 3
722  10 724 3
725  10 727 3
728  10 730 3
731  10 733 3
734  10 736 3
737  10 739 3
740  10 742 3
743  10 745 3
746  10 748 3
749  10 751 3
752  10 754 3
755  10 757 3
758  10 760 3
761  10 763 3
764  10 766 3
767  10 769 3
770  10 772 3
773  10 775 3
776  10 778 3
779  10 781 3
782  10 784 3
785  10 787 3
788  10 790 3
791  10 793 3
794  10 796 3
797  10 799 3
800  10 802 3
803  10 805 3
806  10 808 3
809  10 811 3
812  10 814 3
815  10 817 3
818  10 820 3
821  10 823 3
824  10 826 3
827  10 829 3
830  10 832 3
833  10 835 3
836  10 838 3
839  10 841 3
842  10 844 3
845  10 847 3
848  10 850 3
851  10 853 3
854  10 856 3
857  10 859 3
860  10 862 3
863  10 865 3
866  10 868 3
869  10 871 3
872  10 874 3
875  10 877 3
878  10 880 3
881  10 883 3
884  10 886 3
887  10 889 3
890  10 892 3
893  10 895 3
896  10 898 3
899  10 901 3
902  10 904 3
905  10 907 3
908  10 910 3
911  10 913 3
914  10 916 3
917  10 919 3
920  10 922 3
923  10 925 3
926  10 928 3
929  10 931 3
932  10 934 3
935  10 937 3
938  10 940 3
941  10 943 3
944  10 946 3
947  10 949 3
950  10 952 3
953  10 955 3
956  10 958 3
959  10 961 3
962  10 964 3
965  10 967 3
968  10 970 3
971  10 973 3
974  10 976 3
977  10 979 3
980  10 982 3
983  10 985 3
986  10 988 3
989  10 991 3
992  10 994 3
995  10 997 3
998  10 1000 3
1001  10 1003 3
1004  10 1006 3
1007  10 1009 3
1010  10 1012 3
1013  10 1015 3
1016  10 1018 3
1019  10 1021 3
1022  10 1024 3
1025  10 1027 3
1028  10 1030 3
1031  10 1033 3
1034  10 1036 3
1037  10 1039 3
1040  10 1042 3
1043  10 1045 3
1046  10 1048 3
1049  10 1051 3
1052  10 1054 3
1055  10 1057 3
1058  10 1060 3
1061  10 1063 3
1064  10 1066 3
1067  10 1069 3
1070  10 1072 3
1073  10 1075 3
1076  10 1078 3
1079  10 1081 3
1082  10 1084 3
1085  10 1087 3
1088  10 1090 3
1091  10 1093 3
1094  10 1096 3
1097  10 1099 3
1100  10 1102 3
1103  10 1105 3
1106  10 1108 3
1109  10 1111 3
1112  10 1114 3
1115  10 1117 3
1118  10 1120 3
1121  10 1123 3
1124  10 1126 3
1127  10 1129 3
1130  10 1132 3
1133  10 1135 3
1136  10 1138 3
1139  10 1141 3
1142  10 1144 3
1145  10 1147 3
1148  10 1150 3
1151  10 1153 3
1154  10 1156 3
1157  10 1159 3
1160  10 1162 3
1163  10 1165 3
1166  10 1168 3
1169  10 1171 3
1172  10 1174 3
1175  10 1177 3
1178  10 1180 3
1181  10 1183 3
1184  10 1186 3
1187  10 1189 3
1190  10 1192 3
1193  10 1195 3
1196  10 1198 3
1199  10 1201 3
1202  10 1204 3
1205  10 1207 3
1208  10 1210 3
1211  10 1213 3
1214  10 1216 3
1217  10 1219 3
1220  10 1222 3
1223  10 1225 3
1226  10 1228 3
1229  10 1231 3
1232  10 1234 3
1235  10 1237 3
1238  10 1240 3
1241  10 1243 3
1244  10 1246 3
1247  10 1249 3
1250  10 1252 3
1253  10 1255 3
1256  10 1258 3
1259  10 1261 3
1262  10 1264 3
1265  10 1267 3
1268  10 1270 3
1271  10 1273 3
1  11 20 3
11  11 20 3
29  11 20 3
39  11 20 3
49  11 20 3
59  11 20 3
69  11 20 3
79  11 20 3
89  11 20 3
99  11 20 3
110  11 20 3
121  11 20 3
131  11 20 3
141  11 20 3
150  11 20 3
160  11 20 3
169  11 20 3
178  11 20 3
189  11 20 3
199  11 20 3
208  11 20 3
218  11 20 3
229  11 20 3
237  11 20 3
247  11 20 3
258  11 20 3
267  11 20 3
274  11 20 3
282  11 20 3
290  11 20 3
299  11 20 3
309  11 20 3
319  11 20 3
330  11 20 3
341  11 20 3
350  11 20 3
359  11 20 3
367  11 20 3
374  11 20 3
382  11 20 3
390  11 20 3
397  11 20 3
401  11 20 3
404  11 20 3
407  11 20 3
410  11 20 3
413  11 20 3
416  11 20 3
419  11 20 3
422  11 20 3
425  11 20 3
428  11 20 3
431  11 20 3
434  11 20 3
437  11 20 3
440  11 20 3
443  11 20 3
446  11 20 3
449  11 20 3
452  11 20 3
455  11 20 3
458  11 20 3
461  11 20 3
464  11 20 3
467  11 20 3
470  11 20 3
473  11 20 3
476  11 20 3
479  11 20 3
482  11 20 3
485  11 20 3
488  11 20 3
491  11 20 3
494  11 20 3
497  11 20 3
500  11 20 3
503  11 20 3
506  11 20 3
509  11 20 3
512  11 20 3
515  11 20 3
518  11 20 3
521  11 20 3
524  11 20 3
527  11 20 3
530  11 20 3
533  11 20 3
536  11 20 3
539  11 20 3
542  11 20 3
545  11 20 3
548  11 20 3
551  11 20 3
554  11 20 3
557  11 20 3
560  11 20 3
563  11 20 3
566  11 20 3
569  11 20 3
572  11 20 3
575  11 20 3
578  11 20 3
581  11 20 3
584  11 20 3
587  11 20 3
590  11 20 3
593  11 20 3
596  11 20 3
599  11 20 3
602  11 20 3
605  11 20 3
608  11 20 3
611  11 20 3
614  11 20 3
617  11 20 3
620  11 20 3
623  11 20 3
626  11 20 3
629  11 20 3
632  11 20 3
635  11 20 3
638  11 20 3
641  11 20 3
644  11 20 3
647  11 20 3
650  11 20 3
653  11 20 3
656  11 20 3
659  11 20 3
662  11 20 3
665  11 20 3
668  11 20 3
671  11 20 3
674  11 20 3
677  11 20 3
680  11 20 3
683  11 20 3
686  11 20 3
689  11 20 3
692  11 20 3
695  11 20 3
698  11 20 3
701  11 20 3
704  11 20 3
707  11 20 3
710  11 20 3
713  11 20 3
716  11 20 3
719  11 20 3
722  11 20 3
725  11 20 3
728  11 20 3
731  11 20 3
734  11 20 3
737  11 20 3
740  11 20 3
743  11 20 3
746  11 20 3
749  11 20 3
752  11 20 3
755  11 20 3
758  11 20 3
761  11 20 3
764  11 20 3
767  11 20 3
770  11 20 3
773  11 20 3
776  11 20 3
779  11 20 3
782  11 20 3
785  11 20 3
788  11 20 3
791  11 20 3
794  11 20 3
797  11 20 3
800  11 20 3
803  11 20 3
806  11 20 3
809  11 20 3
812  11 20 3
815  11 20 3
818  11 20 3
821  11 20 3
824  11 20 3
827  11 20 3
830  11 20 3
833  11 20 3
836  11 20 3
839  11 20 3
842  11 20 3
845  11 20 3
848  11 20 3
851  11 20 3
854  11 20 3
857  11 20 3
860  11 20 3
863  11 20 3
866  11 20 3
869  11 20 3
872  11 20 3
875  11 20 3
878  11 20 3
881  11 20 3
884  11 20 3
887  11 20 3
890  11 20 3
893  11 20 3
896  11 20 3
899  11 20 3
902  11 20 3
905  11 20 3
908  11 20 3
911  11 20 3
914  11 20 3
917  11 20 3
920  11 20 3
923  11 20 3
926  11 20 3
929  11 20 3
932  11 20 3
935  11 20 3
938  11 20 3
941  11 20 3
944  11 20 3
947  11 20 3
950  11 20 3
953  11 20 3
956  11 20 3
959  11 20 3
962  11 20 3
965  11 20 3
968  11 20 3
971  11 20 3
974  11 20 3
977  11 20 3
980  11 20 3
983  11 20 3
986  11 20 3
989  11 20 3
992  11 20 3
995  11 20 3
998  11 20 3
1001  11 20 3
1004  11 20 3
1007  11 20 3
1010  11 20 3
1013  11 20 3
1016  11 20 3
1019  11 20 3
1022  11 20 3
1025  11 20 3
1028  11 20 3
1031  11 20 3
1034  11 20 3
1037  11 20 3
1040  11 20 3
1043  11 20 3
1046  11 20 3
1049  11 20 3
1052  11 20 3
1055  11 20 3
1058  11 20 3
1061  11 20 3
1064  11 20 3
1067  11 20 3
1070  11 20 3
1073  11 20 3
1076  11 20 3
1079  11 20 3
1082  11 20 3
1085  11 20 3
1088  11 20 3
1091  11 20 3
1094  11 20 3
1097  11 20 3
1100  11 20 3
1103  11 20 3
1106  11 20 3
1109  11 20 3
1112  11 20 3
1115  11 20 3
1118  11 20 3
1121  11 20 3
1124  11 20 3
1127  11 20 3
1130  11 20 3
1133  11 20 3
1136  11 20 3
1139  11 20 3
1142  11 20 3
1145  11 20 3
1148  11 20 3
1151  11 20 3
1154  11 20 3
1157  11 20 3
1160  11 20 3
1163  11 20 3
1166  11 20 3
1169  11 20 3
1172  11 20 3
1175  11 20 3
1178  11 20 3
1181  11 20 3
1184  11 20 3
1187  11 20 3
1190  11 20 3
1193  11 20 3
1196  11 20 3
1199  11 20 3
1202  11 20 3
1205  11 20 3
1208  11 20 3
1211  11 20 3
1214  11 20 3
1217  11 20 3
1220  11 20 3
1223  11 20 3
1226  11 20 3
1229  11 20 3
1232  11 20 3
1235  11 20 3
1238  11 20 3
1241  11 20 3
1244  11 20 3
1247  11 20 3
1250  11 20 3
1253  11 20 3
1256  11 20 3
1259  11 20 3
1262  11 20 3
1265  11 20 3
1268  11 20 3
1271  11 20 3
1  12 21 3
11  12 28 3
29  12 38 3
39  12 28 3
49  12 58 3
59  12 68 3
69  12 78 3
79  12 88 3
89  12 98 3
99  12 109 3
110  12 21 3
121  12 109 3
131  12 58 3
141  12 149 3
150  12 159 3
160  12 168 3
169  12 177 3
178  12 188 3
189  12 198 3
199  12 28 3
208  12 78 3
218  12 228 3
229  12 98 3
237  12 159 3
247  12 188 3
258  12 266 3
267  12 228 3
274  12 28 3
282  12 168 3
290  12 159 3
299  12 308 3
309  12 21 3
319  12 329 3
330  12 340 3
3182  12 3190 3
3191  12 3198 3
3199  12 3205 3
3206  12 3212 3
3213  12 3205 3
3221  12 58 3
3229  12 266 3
3236  12 159 3
3242  12 3205 3
3248  12 109 3
3254  12 98 3
3260  12 3205 3
3268  12 78 3
3277  12 98 3
3283  12 3289 3
3290  12 3297 3
3298  12 149 3
3305  12 78 3
3313  12 21 3
3318  12 3297 3
3325  12 188 3
3333  12 168 3
3338  12 308 3
3344  12 329 3
3351  12 266 3
3357  12 266 3
3365  12 38 3
3372  12 3198 3
79  13 9 3
3213  13 3180 3
397  14 9 3
401  14 9 3
404  14 9 3
407  14 9 3
410  14 9 3
413  14 9 3
416  14 9 3
419  14 9 3
422  14 9 3
425  14 9 3
428  14 9 3
431  14 9 3
434  14 9 3
437  14 9 3
440  14 9 3
443  14 9 3
446  14 9 3
449  14 9 3
452  14 9 3
455  14 9 3
458  14 9 3
461  14 9 3
464  14 9 3
467  14 9 3
470  14 9 3
473  14 9 3
476  14 9 3
479  14 9 3
482  14 9 3
485  14 9 3
488  14 9 3
491  14 9 3
494  14 9 3
497  14 9 3
500  14 9 3
503  14 9 3
506  14 9 3
509  14 9 3
512  14 9 3
515  14 9 3
518  14 9 3
521  14 9 3
524  14 9 3
527  14 9 3
530  14 9 3
533  14 9 3
536  14 9 3
539  14 9 3
542  14 9 3
545  14 9 3
548  14 9 3
551  14 9 3
554  14 9 3
557  14 9 3
560  14 9 3
563  14 9 3
566  14 9 3
569  14 9 3
572  14 9 3
575  14 9 3
578  14 9 3
581  14 9 3
584  14 9 3
587  14 9 3
590  14 9 3
593  14 9 3
596  14 9 3
599  14 9 3
602  14 9 3
605  14 9 3
608  14 9 3
611  14 9 3
614  14 9 3
617  14 9 3
620  14 9 3
623  14 9 3
626  14 9 3
629  14 9 3
632  14 9 3
635  14 9 3
638  14 9 3
641  14 9 3
644  14 9 3
647  14 9 3
650  14 9 3
653  14 9 3
656  14 9 3
659  14 9 3
662  14 9 3
665  14 9 3
668  14 9 3
671  14 9 3
674  14 9 3
677  14 9 3
680  14 9 3
683  14 9 3
686  14 9 3
689  14 9 3
692  14 9 3
695  14 9 3
698  14 9 3
701  14 9 3
704  14 9 3
707  14 9 3
710  14 9 3
713  14 9 3
716  14 9 3
719  14 9 3
722  14 9 3
725  14 9 3
728  14 9 3
731  14 9 3
734  14 9 3
737  14 9 3
740  14 9 3
743  14 9 3
746  14 9 3
749  14 9 3
752  14 9 3
755  14 9 3
758  14 9 3
761  14 9 3
764  14 9 3
767  14 9 3
770  14 9 3
773  14 9 3
776  14 9 3
779  14 9 3
782  14 9 3
785  14 9 3
788  14 9 3
791  14 9 3
794  14 9 3
797  14 9 3
800  14 9 3
803  14 9 3
806  14 9 3
809  14 9 3
812  14 9 3
815  14 9 3
818  14 9 3
821  14 9 3
824  14 9 3
827  14 9 3
830  14 9 3
833  14 9 3
836  14 9 3
839  14 9 3
842  14 9 3
845  14 9 3
848  14 9 3
851  14 9 3
854  14 9 3
857  14 9 3
860  14 9 3
863  14 9 3
866  14 9 3
869  14 9 3
872  14 9 3
875  14 9 3
878  14 9 3
881  14 9 3
884  14 9 3
887  14 9 3
890  14 9 3
893  14 9 3
896  14 9 3
899  14 9 3
902  14 9 3
905  14 9 3
908  14 9 3
911  14 9 3
914  14 9 3
917  14 9 3
920  14 9 3
923  14 9 3
926  14 9 3
929  14 9 3
932  14 9 3
935  14 9 3
938  14 9 3
941  14 9 3
944  14 9 3
947  14 9 3
950  14 9 3
953  14 9 3
956  14 9 3
959  14 9 3
962  14 9 3
965  14 9 3
968  14 9 3
971  14 9 3
974  14 9 3
977  14 9 3
980  14 9 3
983  14 9 3
986  14 9 3
989  14 9 3
992  14 9 3
995  14 9 3
998  14 9 3
1001  14 9 3
1004  14 9 3
1007  14 9 3
1010  14 9 3
1013  14 9 3
1016  14 9 3
1019  14 9 3
1022  14 9 3
1025  14 9 3
1028  14 9 3
1031  14 9 3
1034  14 9 3
1037  14 9 3
1040  14 9 3
1043  14 9 3
1046  14 9 3
1049  14 9 3
1052  14 9 3
1055  14 9 3
1058  14 9 3
1061  14 9 3
1064  14 9 3
1067  14 9 3
1070  14 9 3
1073  14 9 3
1076  14 9 3
1079  14 9 3
1082  14 9 3
1085  14 9 3
1088  14 9 3
1091  14 9 3
1094  14 9 3
1097  14 9 3
1100  14 9 3
1103  14 9 3
1106  14 9 3
1109  14 9 3
1112  14 9 3
1115  14 9 3
1118  14 9 3
1121  14 9 3
1124  14 9 3
1127  14 9 3
1130  14 9 3
1133  14 9 3
1136  14 9 3
1139  14 9 3
1142  14 9 3
1145  14 9 3
1148  14 9 3
1151  14 9 3
1154  14 9 3
1157  14 9 3
1160  14 9 3
1163  14 9 3
1166  14 9 3
1169  14 9 3
1172  14 9 3
1175  14 9 3
1178  14 9 3
1181  14 9 3
1184  14 9 3
1187  14 9 3
1190  14 9 3
1193  14 9 3
1196  14 9 3
1199  14 9 3
1202  14 9 3
1205  14 9 3
1208  14 9 3
1211  14 9 3
1214  14 9 3
1217  14 9 3
1220  14 9 3
1223  14 9 3
1226  14 9 3
1229  14 9 3
1232  14 9 3
1235  14 9 3
1238  14 9 3
1241  14 9 3
1244  14 9 3
1247  14 9 3
1250  14 9 3
1253  14 9 3
1256  14 9 3
1259  14 9 3
1262  14 9 3
1265  14 9 3
1268  14 9 3
1271  14 9 3
1274  14 9 3
1277  14 9 3
1280  14 9 3
1283  14 9 3
1286  14 9 3
1289  14 9 3
1292  14 9 3
1295  14 9 3
1298  14 9 3
1301  14 9 3
1304  14 9 3
1307  14 9 3
1310  14 9 3
1313  14 9 3
1316  14 9 3
1319  14 9 3
1322  14 9 3
1325  14 9 3
1328  14 9 3
1331  14 9 3
1334  14 9 3
1337  14 9 3
1340  14 9 3
1343  14 9 3
1346  14 9 3
1349  14 9 3
1352  14 9 3
1355  14 9 3
1358  14 9 3
1361  14 9 3
1364  14 9 3
1367  14 9 3
1370  14 9 3
1373  14 9 3
1376  14 9 3
1379  14 9 3
1382  14 9 3
1385  14 9 3
1388  14 9 3
1391  14 9 3
1394  14 9 3
397  15 32 3
397  15 41 3
397  15 276 3
397  15 322 3
401  15 101 3
401  15 153 3
401  15 250 3
401  15 322 3
404  15 22 3
404  15 114 3
404  15 123 3
404  15 292 3
407  15 133 3
407  15 202 3
407  15 211 3
407  15 239 3
410  15 123 3
410  15 269 3
410  15 312 3
413  15 143 3
413  15 284 3
413  15 392 3
416  15 101 3
416  15 201 3
416  15 260 3
419  15 124 3
419  15 152 3
419  15 284 3
419  15 369 3
422  15 101 3
422  15 123 3
422  15 260 3
422  15 376 3
425  15 31 3
425  15 211 3
428  15 2 3
428  15 191 3
431  15 61 3
431  15 162 3
431  15 344 3
434  15 81 3
434  15 180 3
437  15 113 3
437  15 384 3
440  15 211 3
440  15 250 3
443  15 71 3
443  15 124 3
443  15 276 3
443  15 392 3
446  15 2 3
446  15 134 3
446  15 191 3
449  15 101 3
449  15 162 3
449  15 260 3
449  15 276 3
452  15 91 3
452  15 133 3
452  15 332 3
452  15 384 3
455  15 41 3
455  15 240 3
455  15 361 3
455  15 376 3
458  15 211 3
458  15 312 3
461  15 91 3
461  15 191 3
464  15 2 3
464  15 72 3
464  15 231 3
467  15 202 3
467  15 221 3
470  15 113 3
470  15 301 3
470  15 345 3
473  15 31 3
473  15 250 3
473  15 301 3
476  15 31 3
476  15 124 3
476  15 345 3
479  15 71 3
479  15 322 3
482  15 123 3
482  15 133 3
485  15 345 3
485  15 392 3
488  15 143 3
488  15 239 3
488  15 292 3
488  15 352 3
491  15 201 3
491  15 251 3
491  15 311 3
491  15 352 3
494  15 333 3
494  15 344 3
497  15 72 3
497  15 312 3
497  15 384 3
500  15 31 3
500  15 123 3
500  15 124 3
500  15 321 3
503  15 114 3
503  15 392 3
506  15 133 3
506  15 210 3
506  15 312 3
506  15 344 3
509  15 31 3
509  15 134 3
509  15 250 3
509  15 260 3
512  15 312 3
512  15 392 3
515  15 153 3
515  15 202 3
515  15 221 3
515  15 239 3
518  15 220 3
518  15 221 3
521  15 32 3
521  15 221 3
521  15 251 3
524  15 2 3
524  15 133 3
527  15 72 3
527  15 311 3
530  15 113 3
530  15 143 3
530  15 221 3
533  15 124 3
533  15 143 3
533  15 162 3
533  15 220 3
536  15 133 3
536  15 260 3
536  15 269 3
539  15 260 3
539  15 284 3
539  15 333 3
542  15 171 3
542  15 180 3
545  15 82 3
545  15 143 3
545  15 221 3
548  15 41 3
548  15 311 3
548  15 384 3
551  15 42 3
551  15 345 3
554  15 124 3
554  15 284 3
557  15 181 3
557  15 345 3
560  15 51 3
560  15 361 3
563  15 102 3
563  15 113 3
563  15 210 3
563  15 352 3
566  15 220 3
566  15 251 3
569  15 61 3
569  15 114 3
569  15 276 3
569  15 311 3
572  15 71 3
572  15 113 3
572  15 181 3
575  15 51 3
575  15 124 3
575  15 352 3
578  15 42 3
578  15 202 3
578  15 210 3
578  15 392 3
581  15 102 3
581  15 143 3
581  15 210 3
581  15 376 3
584  15 220 3
584  15 231 3
587  15 239 3
587  15 311 3
587  15 321 3
590  15 51 3
590  15 91 3
590  15 251 3
590  15 376 3
593  15 41 3
593  15 81 3
593  15 301 3
593  15 369 3
596  15 220 3
596  15 276 3
596  15 311 3
599  15 123 3
599  15 181 3
599  15 211 3
602  15 81 3
602  15 221 3
602  15 322 3
602  15 370 3
605  15 51 3
605  15 201 3
605  15 369 3
608  15 41 3
608  15 181 3
608  15 311 3
608  15 361 3
611  15 171 3
611  15 250 3
611  15 301 3
611  15 376 3
614  15 31 3
614  15 211 3
614  15 220 3
614  15 392 3
617  15 114 3
617  15 344 3
620  15 42 3
620  15 123 3
620  15 276 3
620  15 376 3
623  15 82 3
623  15 211 3
623  15 312 3
626  15 250 3
626  15 332 3
629  15 231 3
629  15 260 3
632  15 133 3
632  15 143 3
632  15 276 3
635  15 114 3
635  15 133 3
635  15 201 3
635  15 370 3
638  15 152 3
638  15 370 3
641  15 102 3
641  15 152 3
641  15 231 3
641  15 345 3
644  15 143 3
644  15 191 3
644  15 202 3
644  15 220 3
647  15 153 3
647  15 220 3
647  15 321 3
647  15 392 3
650  15 32 3
650  15 221 3
653  15 171 3
653  15 201 3
653  15 392 3
656  15 134 3
656  15 180 3
656  15 332 3
659  15 180 3
659  15 240 3
659  15 284 3
659  15 370 3
662  15 114 3
662  15 240 3
662  15 344 3
665  15 32 3
665  15 152 3
665  15 301 3
665  15 370 3
668  15 239 3
668  15 284 3
671  15 191 3
671  15 321 3
671  15 384 3
674  15 41 3
674  15 181 3
677  15 42 3
677  15 284 3
680  15 72 3
680  15 231 3
680  15 251 3
680  15 269 3
683  15 102 3
683  15 152 3
683  15 292 3
683  15 392 3
686  15 32 3
686  15 333 3
689  15 81 3
689  15 143 3
689  15 251 3
689  15 332 3
692  15 82 3
692  15 134 3
692  15 321 3
695  15 22 3
695  15 133 3
695  15 171 3
695  15 269 3
698  15 181 3
698  15 352 3
701  15 41 3
701  15 124 3
701  15 301 3
701  15 311 3
704  15 42 3
704  15 101 3
707  15 171 3
707  15 311 3
707  15 384 3
710  15 41 3
710  15 133 3
710  15 276 3
710  15 376 3
713  15 284 3
713  15 322 3
716  15 2 3
716  15 180 3
716  15 344 3
719  15 114 3
719  15 260 3
722  15 51 3
722  15 322 3
722  15 333 3
722  15 376 3
725  15 143 3
725  15 269 3
410  16 282 3
428  16 299 3
452  16 79 3
461  16 309 3
470  16 229 3
476  16 208 3
485  16 69 3
491  16 39 3
494  16 282 3
500  16 141 3
524  16 131 3
569  16 99 3
575  16 330 3
584  16 69 3
599  16 258 3
632  16 169 3
650  16 39 3
653  16 189 3
659  16 309 3
662  16 59 3
683  16 39 3
704  16 110 3
737  16 110 3
752  16 11 3
809  16 258 3
839  16 274 3
845  16 274 3
848  16 141 3
854  16 49 3
860  16 274 3
875  16 309 3
881  16 79 3
890  16 131 3
932  16 282 3
956  16 79 3
968  16 229 3
983  16 247 3
995  16 141 3
1001  16 247 3
1019  16 247 3
1025  16 258 3
1028  16 258 3
1034  16 299 3
1037  16 299 3
1061  16 89 3
1067  16 309 3
1070  16 69 3
1088  16 247 3
1094  16 29 3
1112  16 189 3
1121  16 218 3
1139  16 258 3
1154  16 199 3
1175  16 218 3
1184  16 110 3
1223  16 11 3
1226  16 267 3
1253  16 121 3
1280  16 110 3
1295  16 1 3
1304  16 247 3
1307  16 11 3
1340  16 189 3
1343  16 79 3
1361  16 59 3
1364  16 319 3
1388  16 141 3
1391  16 247 3
1400  16 247 3
1406  16 121 3
1412  16 110 3
1427  16 247 3
1436  16 267 3
1472  16 49 3
1490  16 39 3
1511  16 99 3
1526  16 141 3
1544  16 11 3
1559  16 229 3
1568  16 247 3
1574  16 11 3
1607  16 99 3
1619  16 79 3
1634  16 160 3
1637  16 199 3
1676  16 121 3
1679  16 160 3
1682  16 330 3
1691  16 237 3
1703  16 1 3
1709  16 169 3
1721  16 89 3
1724  16 189 3
1727  16 189 3
1733  16 49 3
1739  16 69 3
1742  16 150 3
1751  16 110 3
1757  16 247 3
1766  16 218 3
1796  16 99 3
1814  16 11 3
1844  16 199 3
1853  16 141 3
1913  16 189 3
1919  16 99 3
1931  16 237 3
1958  16 319 3
1964  16 169 3
1994  16 274 3
1998  16 247 3
2002  16 99 3
2006  16 229 3
2010  16 169 3
2013  16 49 3
2017  16 39 3
2020  16 79 3
2024  16 89 3
2028  16 237 3
2032  16 267 3
2036  16 59 3
2040  16 299 3
2043  16 218 3
2047  16 258 3
2051  16 267 3
2055  16 247 3
2059  16 89 3
2063  16 218 3
2067  16 229 3
2071  16 267 3
2074  16 79 3
2078  16 330 3
2082  16 79 3
2086  16 258 3
2090  16 59 3
2094  16 290 3
2098  16 79 3
2102  16 178 3
2106  16 121 3
2110  16 189 3
2114  16 89 3
2117  16 29 3
2121  16 237 3
2125  16 274 3
2129  16 218 3
2132  16 131 3
2136  16 29 3
2139  16 218 3
2143  16 208 3
2146  16 178 3
2150  16 319 3
2153  16 290 3
2157  16 160 3
2161  16 189 3
2165  16 141 3
2169  16 237 3
2173  16 274 3
2177  16 1 3
2181  16 319 3
2185  16 160 3
2188  16 59 3
2192  16 29 3
2196  16 99 3
2200  16 282 3
2204  16 274 3
2208  16 79 3
2212  16 199 3
2216  16 319 3
2220  16 208 3
2224  16 319 3
2228  16 79 3
2231  16 69 3
2235  16 309 3
2239  16 160 3
2243  16 267 3
2247  16 39 3
2251  16 247 3
2255  16 89 3
2259  16 59 3
2263  16 237 3
2267  16 79 3
2271  16 319 3
2275  16 110 3
2279  16 121 3
2283  16 29 3
2287  16 290 3
2291  16 169 3
2294  16 141 3
2298  16 160 3
2302  16 218 3
2306  16 274 3
2310  16 110 3
2314  16 121 3
2318  16 59 3
2322  16 59 3
2326  16 258 3
2330  16 141 3
2334  16 150 3
2338  16 319 3
2342  16 131 3
2346  16 69 3
2350  16 237 3
2353  16 131 3
2357  16 282 3
2361  16 199 3
2365  16 330 3
2368  16 267 3
2372  16 11 3
2376  16 299 3
2380  16 131 3
2383  16 79 3
2387  16 169 3
2391  16 229 3
2395  16 319 3
2399  16 178 3
2403  16 258 3
2407  16 178 3
2411  16 169 3
2415  16 199 3
2419  16 59 3
2423  16 290 3
2427  16 199 3
2431  16 150 3
2435  16 49 3
2439  16 59 3
2443  16 247 3
2446  16 169 3
2450  16 299 3
2454  16 282 3
2458  16 282 3
2462  16 29 3
2466  16 29 3
2470  16 258 3
2473  16 258 3
2477  16 189 3
2481  16 89 3
2485  16 199 3
2489  16 282 3
2493  16 178 3
2497  16 11 3
2501  16 299 3
2505  16 49 3
2509  16 330 3
2512  16 199 3
2516  16 274 3
2520  16 247 3
2524  16 274 3
2527  16 89 3
2531  16 319 3
2535  16 267 3
2539  16 79 3
2542  16 199 3
2546  16 319 3
2550  16 267 3
2553  16 309 3
3429  16 3318 3
3457  16 3242 3
3465  16 3357 3
3475  16 3191 3
3481  16 3365 3
3487  16 3357 3
3493  16 3338 3
3519  16 3351 3
3531  16 3325 3
3537  16 3351 3
3543  16 3213 3
3547  16 3290 3
3555  16 3254 3
3573  16 3290 3
3579  16 3221 3
3587  16 3344 3
3601  16 3290 3
3605  16 3268 3
3609  16 3338 3
3613  16 3199 3
3615  16 3248 3
3629  16 3248 3
3635  16 3260 3
3639  16 3213 3
3645  16 3290 3
3647  16 3277 3
2567  17 1 3
2567  17 2228 3
2570  17 1 3
2572  17 1 3
2574  17 1 3
2574  17 2002 3
2574  17 2419 3
2576  17 1 3
2576  17 2002 3
2576  17 2505 3
2578  17 1 3
2578  17 2473 3
2580  17 1 3
2582  17 1 3
2582  17 2161 3
2584  17 1 3
2584  17 2524 3
2586  17 1 3
2588  17 1 3
2588  17 2531 3
2590  17 1 3
2592  17 1 3
2592  17 2071 3
2594  17 1 3
2594  17 2204 3
2594  17 2330 3
2596  17 1 3
2596  17 1994 3
2598  17 1 3
2598  17 2520 3
2600  17 11 3
2601  17 11 3
2602  17 11 3
2602  17 2094 3
2603  17 11 3
2603  17 2423 3
2603  17 2505 3
2604  17 11 3
2605  17 11 3
2606  17 11 3
2607  17 11 3
2608  17 11 3
2609  17 11 3
2609  17 2173 3
2609  17 2415 3
2610  17 11 3
2610  17 2136 3
2611  17 11 3
2612  17 11 3
2612  17 2446 3
2613  17 11 3
2614  17 11 3
2615  17 11 3
2615  17 2212 3
2616  17 11 3
2618  17 11 3
2618  17 2086 3
2618  17 2326 3
2620  17 11 3
2620  17 2013 3
2620  17 2032 3
2622  17 11 3
2622  17 2071 3
2622  17 2177 3
2624  17 29 3
2625  17 29 3
2626  17 29 3
2626  17 2314 3
2626  17 2550 3
2627  17 29 3
2628  17 29 3
2628  17 2489 3
2629  17 29 3
2630  17 29 3
2631  17 29 3
2632  17 29 3
2632  17 2539 3
2633  17 29 3
2634  17 29 3
2634  17 2220 3
2634  17 2322 3
2635  17 29 3
2635  17 2204 3
2636  17 29 3
2636  17 2043 3
2637  17 29 3
2637  17 1994 3
2637  17 2036 3
2637  17 2110 3
2637  17 2539 3
2638  17 29 3
2638  17 2224 3
2639  17 29 3
2639  17 2139 3
2640  17 29 3
2641  17 29 3
2641  17 2524 3
2642  17 39 3
2642  17 2040 3
2643  17 39 3
2643  17 2446 3
2644  17 39 3
2644  17 2051 3
2644  17 2439 3
2644  17 2454 3
2645  17 39 3
2646  17 39 3
2646  17 2181 3
2646  17 2192 3
2646  17 2287 3
2646  17 2365 3
2647  17 39 3
2647  17 2539 3
2648  17 39 3
2649  17 39 3
2649  17 2365 3
2650  17 39 3
2650  17 2121 3
2651  17 39 3
2651  17 2121 3
2652  17 39 3
2652  17 2481 3
2653  17 39 3
2654  17 39 3
2654  17 2074 3
2654  17 2279 3
2654  17 2291 3
2654  17 2395 3
2655  17 39 3
2656  17 39 3
2656  17 2497 3
2657  17 39 3
2657  17 2110 3
2658  17 49 3
2658  17 2074 3
2659  17 49 3
2659  17 2153 3
2660  17 49 3
2660  17 2259 3
2660  17 2501 3
2661  17 49 3
2661  17 2125 3
2662  17 49 3
2662  17 2032 3
2663  17 49 3
2664  17 49 3
2664  17 2220 3
2665  17 49 3
2666  17 49 3
2666  17 2546 3
2667  17 49 3
2667  17 2114 3
2667  17 2117 3
2668  17 49 3
2668  17 2110 3
2669  17 49 3
2669  17 2497 3
2670  17 49 3
2671  17 49 3
2672  17 49 3
2673  17 49 3
2673  17 2208 3
2674  17 49 3
2675  17 49 3
2675  17 2002 3
2675  17 2074 3
2675  17 2192 3
2676  17 49 3
2676  17 2169 3
2676  17 2231 3
2677  17 49 3
2678  17 59 3
2679  17 59 3
2679  17 2489 3
2680  17 59 3
2680  17 2106 3
2680  17 2322 3
2681  17 59 3
2681  17 2013 3
2682  17 59 3
2683  17 59 3
2684  17 59 3
2685  17 59 3
2685  17 2473 3
2685  17 2520 3
2686  17 59 3
2686  17 2322 3
2687  17 59 3
2687  17 2368 3
2688  17 59 3
2688  17 2153 3
2688  17 2247 3
2688  17 2361 3
2689  17 59 3
2690  17 59 3
2690  17 2251 3
2691  17 59 3
2692  17 59 3
2692  17 2200 3
2693  17 59 3
2694  17 59 3
2695  17 69 3
2695  17 2462 3
2696  17 69 3
2697  17 69 3
2697  17 2291 3
2698  17 69 3
2698  17 2439 3
2699  17 69 3
2699  17 2235 3
2700  17 69 3
2701  17 69 3
2701  17 2208 3
2702  17 69 3
2702  17 2338 3
2702  17 2353 3
2703  17 69 3
2703  17 2173 3
2703  17 2188 3
2703  17 2212 3
2703  17 2239 3
2704  17 69 3
2705  17 69 3
2705  17 2353 3
2706  17 69 3
2707  17 69 3
2707  17 2161 3
2707  17 2243 3
2707  17 2338 3
2708  17 69 3
2709  17 69 3
2709  17 2024 3
2709  17 2220 3
2710  17 69 3
2710  17 2387 3
2711  17 79 3
2712  17 79 3
2712  17 2228 3
2713  17 79 3
2713  17 2200 3
2714  17 79 3
2715  17 79 3
2716  17 79 3
2717  17 79 3
2717  17 2435 3
2718  17 79 3
2718  17 2322 3
2719  17 79 3
2720  17 79 3
2721  17 79 3
2721  17 2208 3
2721  17 2550 3
2722  17 79 3
2723  17 79 3
2724  17 79 3
2725  17 79 3
2726  17 79 3
2727  17 79 3
2728  17 79 3
2729  17 79 3
2729  17 2291 3
2730  17 89 3
2731  17 89 3
2731  17 2204 3
2731  17 2271 3
2731  17 2454 3
2732  17 89 3
2733  17 89 3
2733  17 2251 3
2734  17 89 3
2735  17 89 3
2736  17 89 3
2737  17 89 3
2738  17 89 3
2738  17 2357 3
2739  17 89 3
2740  17 89 3
2740  17 2153 3
2741  17 89 3
2741  17 2263 3
2742  17 89 3
2742  17 2550 3
2743  17 89 3
2743  17 2271 3
2743  17 2291 3
2743  17 2431 3
2744  17 89 3
2745  17 89 3
2745  17 2391 3
2746  17 89 3
2747  17 89 3
2748  17 99 3
2749  17 99 3
2750  17 99 3
2751  17 99 3
2752  17 99 3
2753  17 99 3
2754  17 99 3
2754  17 2157 3
2754  17 2439 3
2755  17 99 3
2756  17 99 3
2756  17 2509 3
2757  17 99 3
2757  17 2055 3
2758  17 99 3
2758  17 2094 3
2758  17 2235 3
2759  17 99 3
2760  17 99 3
2760  17 2185 3
2760  17 2259 3
2760  17 2512 3
2761  17 99 3
2761  17 2485 3
2762  17 99 3
2762  17 2051 3
2763  17 99 3
2764  17 99 3
2765  17 99 3
2766  17 99 3
2766  17 1998 3
2766  17 2181 3
2767  17 110 3
2767  17 2157 3
2767  17 2368 3
2768  17 110 3
2768  17 2267 3
2769  17 110 3
2769  17 2059 3
2770  17 110 3
2771  17 110 3
2771  17 2411 3
1998  18 171 3
2002  18 231 3
2013  18 276 3
2020  18 124 3
2047  18 202 3
2051  18 91 3
2059  18 143 3
2094  18 201 3
2098  18 134 3
2125  18 181 3
2157  18 102 3
2169  18 345 3
2192  18 41 3
2216  18 269 3
2220  18 260 3
2251  18 71 3
2287  18 123 3
2342  18 82 3
2353  18 384 3
2357  18 240 3
2365  18 72 3
2415  18 191 3
2419  18 2 3
2431  18 211 3
2435  18 312 3
2497  18 221 3
2542  18 361 3
2546  18 31 3
2550  18 239 3
