1641945600 7744
1642032000 15407
1642118400 23179
1642204800 30830
1642291200 38568
1642377600 46402
1642464000 54099
1642550400 61745
1642636800 69247
1642723200 76852
1642809600 84456
1642896000 92173
1642982400 99960
1643068800 107534
1643155200 115223
1643241600 122921
1643328000 130644
1643414400 138367
1643500800 146151
1643587200 153884
1643673600 161550
1643760000 169381
1643846400 177205
1643932800 184988
1644019200 192758
1644105600 200434
1644192000 208047
1644278400 215793
1644364800 223609
1644451200 231382
1644537600 239136
1644624000 246724
1644710400 254324
1644796800 261941
1644883200 269571
1644969600 277170
1645056000 284851
1645142400 292538
1645228800 300131
1645315200 307965
1645401600 315731
1645488000 323524
1645574400 331296
1645660800 338946
1645747200 346660
1645833600 354253
1645920000 361947
1646006400 369614
1646092800 377418
1646179200 385242
1646265600 392830
1646352000 400524
1646438400 408135
1646524800 415795
1646611200 423424
1646697600 431211
1646784000 438799
1646870400 446491
1646956800 454116
1647043200 461694
1647129600 469398
1647216000 477141
1647302400 484917
1647388800 492563
1647475200 500049
1647561600 507712
1647648000 515418
1647734400 523044
1647820800 530805
1647907200 538397
1647993600 546105
1648080000 553817
1648166400 561429
1648252800 569248
1648339200 576789
1648425600 584336
1648512000 592122
1648598400 600052
1648684800 607774
1648771200 615520
1648857600 623151
1648944000 630865
1649030400 638641
1649116800 646312
1649203200 654074
1649289600 661693
1649376000 669377
1649462400 677060
1649548800 684829
1649635200 692577
1649721600 700309
1649808000 707939
1649894400 715647
1649980800 723332
1650067200 731001
1650153600 738642
1650240000 746360
1650326400 754048
1650412800 761787
1650499200 769378
1650585600 777088
1650672000 784833
1650758400 792670
1650844800 800472
1650931200 808295
1651017600 816026
1651104000 823740
1651190400 831402
1651276800 838904
1651363200 846620
1651449600 854124
1651536000 861751
1651622400 869453
1651708800 877098
1651795200 884845
1651881600 892689
1651968000 900331
1652054400 908074
1652140800 915735
1652227200 923360
1652313600 931031
1652400000 938754
1652486400 946425
1652572800 954216
1652659200 961824
1652745600 969612
1652832000 977247
1652918400 984864
1653004800 992460
1653091200 1000000
